3,250000 7,750000 1,562500 33,062500 1,000000 5,500000 4,500000 0,000000
2,125000 4,375000 0,015625 5,640625 1,000000 3,250000 2,250000 2,000000
1,562500 2,687500 0,191406 0,472656 2,125000 2,687500 0,562500 4,000000
2,265625 2,546875 0,070557 0,299072 2,125000 2,406250 0,281250 2,000000
2,195313 2,335938 0,038147 0,112854 2,125000 2,265625 0,140625 2,000000
2,160156 2,230469 0,025650 0,053116 2,125000 2,195313 0,070313 2,000000
2,142578 2,177734 0,020329 0,031590 2,125000 2,160156 0,035156 2,000000
2,133789 2,151367 0,017900 0,022912 2,125000 2,142578 0,017578 2,000000
2,129395 2,138184 0,016743 0,019095 2,125000 2,133789 0,008789 2,000000
2,127197 2,131592 0,016179 0,017316 2,125000 2,129395 0,004395 2,000000
2,126099 2,128296 0,015901 0,016460 2,125000 2,127197 0,002197 2,000000
2,125549 2,126648 0,015763 0,016040 2,125000 2,126099 0,001099 2,000000
2,125275 2,125824 0,015694 0,015832 2,125000 2,125549 0,000549 2,000000
2,125137 2,125412 0,015659 0,015728 2,125000 2,125275 0,000275 2,000000
2,125069 2,125206 0,015642 0,015677 2,125000 2,125137 0,000137 2,000000
2,125034 2,125103 0,015634 0,015651 2,125000 2,125069 0,000069 2,000000
2,125017 2,125051 0,015629 0,015638 2,125000 2,125034 0,000034 2,000000
2,125009 2,125026 0,015627 0,015631 2,125000 2,125017 0,000017 2,000000
2,125004 2,125013 0,015626 0,015628 2,125000 2,125009 0,000009 2,000000
2,125002 2,125006 0,015626 0,015627 2,125000 2,125004 0,000004 2,000000
2,125001 2,125003 0,015625 0,015626 2,125000 2,125002 0,000002 2,000000
2,125000 2,125002 0,015625 0,015625 2,125000 2,125001 0,000001 2,250000
